0,2000-01,0.0,0.0,0.0,0.0,0.0,34.61538461538461,28.205128205128204,19.230769230769234,3.8461538461538463,0.0,10.256410256410255,0.0,0.0,0.0,0.0,0.0,1.282051282051282,1.282051282051282,0.0,1.282051282051282
1,2000-02,0.0,0.0,0.0,1.5151515151515151,0.0,34.84848484848485,33.33333333333333,18.181818181818183,3.0303030303030303,0.0,7.575757575757576,0.0,0.0,0.0,0.0,0.0,1.5151515151515151,0.0,0.0,0.0
2,2000-03,0.0,1.4705882352941175,0.0,1.4705882352941175,0.0,41.17647058823529,26.47058823529412,17.647058823529413,2.941176470588235,0.0,7.352941176470589,0.0,0.0,0.0,0.0,0.0,0.0,0.0,0.0,1.4705882352941175
3,2000-04,0.0,1.4084507042253522,0.0,1.4084507042253522,0.0,39.436619718309856,30.985915492957744,15.492957746478872,4.225352112676056,0.0,7.042253521126761,0.0,0.0,0.0,0.0,0.0,0.0,0.0,0.0,0.0
4,2000-05,0.0,1.3333333333333335,0.0,0.0,0.0,40.0,29.333333333333332,12.0,6.666666666666667,0.0,10.666666666666668,0.0,0.0,0.0,0.0,0.0,0.0,0.0,0.0,0.0
5,2000-06,0.0,1.4925373134328357,0.0,0.0,0.0,35.82089552238806,37.3134328358209,8.955223880597014,7.462686567164178,0.0,8.955223880597014,0.0,0.0,0.0,0.0,0.0,0.0,0.0,0.0,0.0
6,2000-07,0.0,1.694915254237288,1.694915254237288,0.0,0.0,27.11864406779661,40.67796610169492,13.559322033898304,8.47457627118644,0.0,6.779661016949152,0.0,0.0,0.0,0.0,0.0,0.0,0.0,0.0,0.0
7,2000-08,0.0,1.3513513513513513,0.0,0.0,2.7027027027027026,29.72972972972973,44.5945945945946,12.162162162162163,5.405405405405405,0.0,4.054054054054054,0.0,0.0,0.0,0.0,0.0,0.0,0.0,0.0,0.0
8,2000-09,0.0,1.4705882352941175,0.0,1.4705882352941175,1.4705882352941175,30.88235294117647,30.88235294117647,19.11764705882353,7.352941176470589,0.0,7.352941176470589,0.0,0.0,0.0,0.0,0.0,0.0,0.0,0.0,0.0
9,2000-10,0.0,1.3333333333333335,0.0,2.666666666666667,1.3333333333333335,33.33333333333333,28.000000000000004,17.333333333333336,6.666666666666667,0.0,6.666666666666667,0.0,0.0,0.0,1.3333333333333335,0.0,0.0,1.3333333333333335,0.0,0.0
10,2000-11,0.0,1.3333333333333335,0.0,1.3333333333333335,0.0,32.0,30.666666666666664,18.666666666666668,6.666666666666667,0.0,5.333333333333334,0.0,0.0,0.0,1.3333333333333335,0.0,0.0,2.666666666666667,0.0,0.0
11,2000-12,0.0,1.5151515151515151,0.0,0.0,0.0,34.84848484848485,30.303030303030305,21.21212121212121,6.0606060606060606,0.0,3.0303030303030303,0.0,0.0,0.0,0.0,0.0,0.0,3.0303030303030303,0.0,0.0
12,2001-01,0.0,1.4705882352941175,0.0,0.0,0.0,33.82352941176471,26.47058823529412,25.0,7.352941176470589,0.0,4.411764705882353,0.0,0.0,0.0,0.0,0.0,0.0,1.4705882352941175,0.0,0.0
13,2001-02,0.0,1.4925373134328357,0.0,0.0,0.0,35.82089552238806,25.37313432835821,23.88059701492537,7.462686567164178,0.0,4.477611940298507,0.0,0.0,0.0,0.0,0.0,0.0,1.4925373134328357,0.0,0.0
14,2001-03,0.0,3.278688524590164,0.0,0.0,0.0,37.704918032786885,26.229508196721312,14.754098360655737,6.557377049180328,0.0,8.19672131147541,0.0,0.0,0.0,0.0,0.0,0.0,1.639344262295082,0.0,1.639344262295082
15,2001-04,0.0,1.4492753623188406,0.0,0.0,0.0,43.47826086956522,21.73913043478261,15.942028985507244,7.246376811594203,0.0,8.695652173913043,0.0,0.0,0.0,0.0,0.0,0.0,0.0,0.0,1.4492753623188406
16,2001-05,0.0,1.4705882352941175,0.0,0.0,0.0,41.17647058823529,25.0,10.294117647058822,8.823529411764707,0.0,8.823529411764707,0.0,0.0,0.0,0.0,0.0,1.4705882352941175,0.0,0.0,2.941176470588235
17,2001-06,0.0,1.3888888888888888,0.0,1.3888888888888888,0.0,37.5,26.38888888888889,9.722222222222223,9.722222222222223,0.0,8.333333333333332,0.0,0.0,0.0,0.0,0.0,1.3888888888888888,0.0,0.0,4.166666666666666
18,2001-07,0.0,0.0,0.0,1.5151515151515151,0.0,37.878787878787875,33.33333333333333,12.121212121212121,6.0606060606060606,0.0,7.575757575757576,0.0,0.0,0.0,0.0,0.0,0.0,0.0,0.0,1.5151515151515151
19,2001-08,0.0,0.0,0.0,1.5384615384615385,0.0,35.38461538461539,36.92307692307693,12.307692307692308,6.153846153846154,0.0,6.153846153846154,0.0,0.0,0.0,0.0,0.0,0.0,1.5384615384615385,0.0,0.0
20,2001-09,0.0,0.0,0.0,2.9850746268656714,1.4925373134328357,38.80597014925373,29.850746268656714,8.955223880597014,10.44776119402985,0.0,5.970149253731343,0.0,0.0,0.0,0.0,0.0,0.0,1.4925373134328357,0.0,0.0
21,2001-10,0.0,0.0,0.0,3.278688524590164,1.639344262295082,39.34426229508197,22.950819672131146,14.754098360655737,8.19672131147541,0.0,8.19672131147541,0.0,0.0,0.0,0.0,0.0,0.0,1.639344262295082,0.0,0.0
22,2001-11,0.0,0.0,0.0,3.0303030303030303,1.5151515151515151,42.42424242424242,21.21212121212121,16.666666666666664,7.575757575757576,0.0,7.575757575757576,0.0,0.0,0.0,0.0,0.0,0.0,0.0,0.0,0.0
23,2001-12,0.0,1.36986301369863,0.0,2.73972602739726,1.36986301369863,49.31506849315068,13.698630136986301,16.43835616438356,6.8493150684931505,0.0,6.8493150684931505,0.0,0.0,0.0,0.0,0.0,0.0,0.0,0.0,1.36986301369863
24,2002-01,0.0,1.4705882352941175,0.0,2.941176470588235,0.0,45.588235294117645,16.176470588235293,17.647058823529413,5.88235294117647,0.0,8.823529411764707,0.0,0.0,0.0,0.0,0.0,0.0,0.0,0.0,1.4705882352941175
25,2002-02,0.0,1.5384615384615385,0.0,3.076923076923077,0.0,44.61538461538462,18.461538461538463,15.384615384615385,6.153846153846154,0.0,10.76923076923077,0.0,0.0,0.0,0.0,0.0,0.0,0.0,0.0,0.0
26,2002-03,0.0,1.694915254237288,0.0,1.694915254237288,0.0,54.23728813559322,16.94915254237288,11.864406779661017,3.389830508474576,0.0,10.16949152542373,0.0,0.0,0.0,0.0,0.0,0.0,0.0,0.0,0.0
27,2002-04,0.0,0.0,0.0,0.0,0.0,54.23728813559322,20.33898305084746,11.864406779661017,3.389830508474576,0.0,10.16949152542373,0.0,0.0,0.0,0.0,0.0,0.0,0.0,0.0,0.0
28,2002-05,0.0,1.5384615384615385,0.0,0.0,0.0,50.76923076923077,23.076923076923077,12.307692307692308,4.615384615384616,0.0,7.6923076923076925,0.0,0.0,0.0,0.0,0.0,0.0,0.0,0.0,0.0
29,2002-06,0.0,3.278688524590164,0.0,1.639344262295082,0.0,45.90163934426229,24.59016393442623,16.39344262295082,3.278688524590164,0.0,4.918032786885246,0.0,0.0,0.0,0.0,0.0,0.0,0.0,0.0,0.0
30,2002-07,0.0,3.225806451612903,0.0,1.6129032258064515,0.0,43.54838709677419,24.193548387096776,17.741935483870968,3.225806451612903,0.0,6.451612903225806,0.0,0.0,0.0,0.0,0.0,0.0,0.0,0.0,0.0
31,2002-08,0.0,5.172413793103448,0.0,1.7241379310344827,0.0,37.93103448275862,25.862068965517242,17.24137931034483,5.172413793103448,0.0,6.896551724137931,0.0,0.0,0.0,0.0,0.0,0.0,0.0,0.0,0.0
32,2002-09,0.0,4.225352112676056,0.0,1.4084507042253522,1.4084507042253522,35.2112676056338,28.169014084507044,15.492957746478872,7.042253521126761,0.0,5.633802816901409,0.0,0.0,0.0,0.0,0.0,0.0,1.4084507042253522,0.0,0.0
33,2002-10,0.0,1.4925373134328357,0.0,2.9850746268656714,2.9850746268656714,35.82089552238806,26.865671641791046,17.91044776119403,7.462686567164178,0.0,2.9850746268656714,0.0,0.0,0.0,0.0,0.0,0.0,1.4925373134328357,0.0,0.0
34,2002-11,0.0,0.0,0.0,4.838709677419355,3.225806451612903,40.32258064516129,19.35483870967742,17.741935483870968,6.451612903225806,0.0,6.451612903225806,0.0,0.0,0.0,0.0,0.0,0.0,1.6129032258064515,0.0,0.0
35,2002-12,0.0,0.0,0.0,6.756756756756757,0.0,41.891891891891895,18.91891891891892,16.216216216216218,9.45945945945946,0.0,2.7027027027027026,0.0,0.0,0.0,0.0,0.0,0.0,2.7027027027027026,0.0,1.3513513513513513
36,2003-01,0.0,0.0,0.0,7.462686567164178,0.0,40.298507462686565,14.925373134328357,16.417910447761194,10.44776119402985,0.0,4.477611940298507,0.0,0.0,0.0,0.0,0.0,0.0,4.477611940298507,0.0,1.4925373134328357
37,2003-02,0.0,1.36986301369863,0.0,6.8493150684931505,1.36986301369863,42.465753424657535,17.80821917808219,15.068493150684931,8.21917808219178,0.0,4.10958904109589,0.0,0.0,0.0,0.0,0.0,0.0,1.36986301369863,0.0,1.36986301369863
38,2003-03,0.0,1.36986301369863,0.0,6.8493150684931505,2.73972602739726,46.57534246575342,16.43835616438356,12.32876712328767,8.21917808219178,0.0,4.10958904109589,0.0,0.0,0.0,0.0,0.0,0.0,1.36986301369863,0.0,0.0
39,2003-04,0.0,1.4285714285714286,0.0,5.714285714285714,2.857142857142857,50.0,15.714285714285714,14.285714285714285,7.142857142857142,0.0,2.857142857142857,0.0,0.0,0.0,0.0,0.0,0.0,0.0,0.0,0.0
40,2003-05,0.0,1.4492753623188406,0.0,1.4492753623188406,1.4492753623188406,55.072463768115945,14.492753623188406,14.492753623188406,7.246376811594203,0.0,4.3478260869565215,0.0,0.0,0.0,0.0,0.0,0.0,0.0,0.0,0.0
41,2003-06,0.0,1.5384615384615385,0.0,1.5384615384615385,0.0,52.307692307692314,13.846153846153847,13.846153846153847,7.6923076923076925,0.0,9.230769230769232,0.0,0.0,0.0,0.0,0.0,0.0,0.0,0.0,0.0
42,2003-07,0.0,1.4705882352941175,0.0,2.941176470588235,0.0,42.64705882352941,20.588235294117645,16.176470588235293,7.352941176470589,0.0,7.352941176470589,0.0,0.0,0.0,0.0,0.0,0.0,1.4705882352941175,0.0,0.0
43,2003-08,0.0,1.5625,0.0,3.125,0.0,34.375,23.4375,17.1875,9.375,0.0,9.375,0.0,0.0,0.0,0.0,0.0,0.0,1.5625,0.0,0.0
44,2003-09,0.0,5.714285714285714,0.0,5.714285714285714,0.0,28.57142857142857,21.428571428571427,17.142857142857142,8.571428571428571,0.0,8.571428571428571,0.0,0.0,0.0,1.4285714285714286,0.0,0.0,2.857142857142857,0.0,0.0
45,2003-10,0.0,5.88235294117647,0.0,4.411764705882353,0.0,32.35294117647059,19.11764705882353,16.176470588235293,7.352941176470589,0.0,10.294117647058822,0.0,0.0,0.0,1.4705882352941175,0.0,0.0,2.941176470588235,0.0,0.0
46,2003-11,0.0,4.225352112676056,0.0,2.8169014084507045,0.0,33.80281690140845,19.718309859154928,15.492957746478872,12.676056338028168,0.0,7.042253521126761,0.0,0.0,0.0,1.4084507042253522,0.0,0.0,2.8169014084507045,0.0,0.0
47,2003-12,0.0,4.10958904109589,0.0,1.36986301369863,0.0,38.35616438356164,15.068493150684931,13.698630136986301,12.32876712328767,0.0,12.32876712328767,0.0,0.0,0.0,1.36986301369863,0.0,0.0,1.36986301369863,0.0,0.0
48,2004-01,0.0,4.477611940298507,0.0,2.9850746268656714,0.0,41.7910447761194,16.417910447761194,7.462686567164178,16.417910447761194,0.0,7.462686567164178,0.0,1.4925373134328357,0.0,0.0,0.0,0.0,1.4925373134328357,0.0,0.0
49,2004-02,0.0,4.938271604938271,0.0,2.4691358024691357,0.0,46.913580246913575,9.876543209876543,12.345679012345679,12.345679012345679,0.0,8.641975308641975,0.0,1.2345679012345678,0.0,1.2345679012345678,0.0,0.0,0.0,0.0,0.0
50,2004-03,0.0,1.4705882352941175,0.0,1.4705882352941175,0.0,48.529411764705884,8.823529411764707,14.705882352941178,11.76470588235294,0.0,10.294117647058822,0.0,1.4705882352941175,0.0,1.4705882352941175,0.0,0.0,0.0,0.0,0.0
51,2004-04,0.0,1.3333333333333335,0.0,2.666666666666667,0.0,50.66666666666667,10.666666666666668,12.0,13.333333333333334,0.0,8.0,0.0,1.3333333333333335,0.0,0.0,0.0,0.0,0.0,0.0,0.0
52,2004-05,0.0,1.3513513513513513,0.0,1.3513513513513513,0.0,47.2972972972973,13.513513513513514,10.81081081081081,9.45945945945946,1.3513513513513513,13.513513513513514,0.0,0.0,0.0,0.0,0.0,0.0,0.0,0.0,1.3513513513513513
53,2004-06,0.0,0.0,0.0,1.4084507042253522,1.4084507042253522,45.07042253521127,11.267605633802818,12.676056338028168,8.450704225352112,1.4084507042253522,16.901408450704224,0.0,0.0,0.0,0.0,0.0,0.0,0.0,0.0,1.4084507042253522
54,2004-07,0.0,2.631578947368421,0.0,0.0,1.3157894736842104,43.42105263157895,19.736842105263158,10.526315789473683,9.210526315789473,1.3157894736842104,10.526315789473683,0.0,0.0,0.0,0.0,0.0,0.0,0.0,0.0,1.3157894736842104
55,2004-08,0.0,5.714285714285714,0.0,1.4285714285714286,2.857142857142857,38.57142857142858,15.714285714285714,10.0,10.0,1.4285714285714286,12.857142857142856,0.0,0.0,0.0,0.0,0.0,0.0,0.0,0.0,1.4285714285714286
56,2004-09,0.0,5.333333333333334,0.0,1.3333333333333335,1.3333333333333335,40.0,13.333333333333334,10.666666666666668,16.0,1.3333333333333335,9.333333333333334,0.0,0.0,0.0,0.0,0.0,0.0,0.0,0.0,1.3333333333333335
57,2004-10,0.0,6.8493150684931505,0.0,1.36986301369863,1.36986301369863,43.83561643835616,13.698630136986301,8.21917808219178,13.698630136986301,1.36986301369863,9.58904109589041,0.0,0.0,0.0,0.0,0.0,0.0,0.0,0.0,0.0
58,2004-11,0.9900990099009901,7.920792079207921,0.9900990099009901,0.0,6.9306930693069315,24.752475247524753,4.9504950495049505,6.9306930693069315,11.881188118811881,0.9900990099009901,2.9702970297029703,0.0,8.91089108910891,15.841584158415841,0.0,0.9900990099009901,0.0,0.0,0.0,4.9504950495049505
59,2004-12,0.0,11.428571428571429,0.0,0.0,0.9523809523809524,40.0,17.142857142857142,5.714285714285714,8.571428571428571,0.9523809523809524,5.714285714285714,0.0,5.714285714285714,0.9523809523809524,0.9523809523809524,0.0,0.0,0.0,0.0,1.9047619047619049
60,2005-01,0.0,12.380952380952381,0.0,0.0,0.0,40.0,12.380952380952381,3.8095238095238098,16.19047619047619,0.0,5.714285714285714,0.0,5.714285714285714,0.9523809523809524,0.9523809523809524,0.0,0.0,0.0,0.0,1.9047619047619049
61,2005-02,0.0,11.214953271028037,0.0,0.0,2.803738317757009,47.66355140186916,12.149532710280374,2.803738317757009,12.149532710280374,0.0,4.672897196261682,0.0,3.7383177570093453,0.0,0.0,0.9345794392523363,0.0,0.0,0.0,1.8691588785046727
62,2005-03,0.0,7.6190476190476195,0.0,0.0,1.9047619047619049,40.0,9.523809523809524,14.285714285714285,11.428571428571429,0.0,6.666666666666667,0.0,5.714285714285714,0.0,0.0,0.0,0.0,0.0,0.0,2.857142857142857
63,2005-04,0.0,2.941176470588235,0.0,0.0,0.0,50.0,12.745098039215685,10.784313725490197,10.784313725490197,0.0,3.9215686274509802,0.0,5.88235294117647,0.0,0.0,0.0,0.0,0.0,0.0,2.941176470588235
64,2005-05,0.0,5.825242718446602,0.0,0.0,1.9417475728155338,44.66019417475729,8.737864077669903,11.650485436893204,8.737864077669903,0.0,9.70873786407767,0.0,6.796116504854369,0.0,0.9708737864077669,0.0,0.0,0.0,0.9708737864077669,0.0
65,2005-06,0.0,7.339449541284404,0.0,0.0,0.9174311926605505,40.36697247706422,8.256880733944955,11.009174311926607,13.761467889908257,2.7522935779816518,9.174311926605505,0.0,3.669724770642202,0.0,0.9174311926605505,0.0,0.0,0.0,0.9174311926605505,0.9174311926605505
66,2005-07,0.0,7.2727272727272725,0.0,0.0,0.0,44.54545454545455,18.181818181818183,10.909090909090908,8.181818181818182,1.8181818181818181,4.545454545454546,0.0,2.727272727272727,0.0,0.9090909090909091,0.0,0.0,0.0,0.9090909090909091,0.0
67,2005-08,0.0,7.4074074074074066,0.0,0.0,0.0,33.33333333333333,23.14814814814815,14.814814814814813,7.4074074074074066,2.7777777777777777,5.555555555555555,0.0,1.8518518518518516,0.0,0.9259259259259258,0.0,0.0,0.0,0.9259259259259258,1.8518518518518516
68,2005-09,0.0,1.8867924528301887,0.0,0.0,0.0,27.358490566037734,19.81132075471698,9.433962264150944,32.075471698113205,0.0,5.660377358490567,0.0,1.8867924528301887,0.9433962264150944,0.0,0.0,0.0,0.0,0.9433962264150944,0.0
69,2005-10,0.0,7.547169811320755,0.0,0.0,0.9433962264150944,27.358490566037734,18.867924528301888,6.60377358490566,25.471698113207548,0.9433962264150944,7.547169811320755,0.0,3.7735849056603774,0.0,0.0,0.0,0.0,0.0,0.9433962264150944,0.0
70,2005-11,0.0,6.730769230769231,0.0,0.0,0.0,38.46153846153847,18.269230769230766,7.6923076923076925,15.384615384615385,0.0,6.730769230769231,0.0,3.8461538461538463,0.0,0.9615384615384616,0.0,0.0,0.0,0.9615384615384616,0.9615384615384616
71,2005-12,0.0,5.0,0.0,0.0,0.0,34.0,18.0,9.0,20.0,0.0,8.0,0.0,2.0,0.0,1.0,0.0,0.0,0.0,0.0,3.0
72,2006-01,0.0,8.108108108108109,0.0,0.0,0.0,35.13513513513514,16.216216216216218,6.306306306306306,22.52252252252252,0.0,8.108108108108109,0.0,1.8018018018018018,0.0,0.9009009009009009,0.0,0.0,0.0,0.0,0.9009009009009009
73,2006-02,0.0,10.526315789473683,0.0,0.8771929824561403,0.0,41.228070175438596,15.789473684210526,4.385964912280701,17.543859649122805,0.0,7.894736842105263,0.0,0.0,0.0,0.8771929824561403,0.0,0.0,0.0,0.0,0.8771929824561403
74,2006-03,0.0,6.481481481481481,0.0,0.0,1.8518518518518516,38.88888888888889,11.11111111111111,6.481481481481481,21.296296296296298,0.9259259259259258,9.25925925925926,0.0,1.8518518518518516,0.0,0.9259259259259258,0.0,0.0,0.0,0.0,0.9259259259259258
75,2006-04,0.0,3.8095238095238098,0.0,0.9523809523809524,0.0,40.0,9.523809523809524,6.666666666666667,26.666666666666668,0.9523809523809524,7.6190476190476195,0.0,1.9047619047619049,0.9523809523809524,0.0,0.0,0.0,0.0,0.0,0.9523809523809524
76,2006-05,0.0,3.9215686274509802,0.0,0.0,0.9803921568627451,40.19607843137255,9.803921568627452,11.76470588235294,22.54901960784314,0.0,3.9215686274509802,0.0,3.9215686274509802,0.0,0.0,0.0,0.0,0.0,0.0,2.941176470588235
77,2006-06,0.0,5.769230769230769,0.0,0.0,1.9230769230769231,44.230769230769226,8.653846153846153,11.538461538461538,17.307692307692307,0.0,4.807692307692308,0.0,2.8846153846153846,0.0,0.0,0.0,0.0,0.0,0.0,2.8846153846153846
78,2006-07,0.0,9.90990990990991,0.0,0.9009009009009009,0.0,42.34234234234234,15.315315315315313,9.00900900900901,14.414414414414415,0.0,5.405405405405405,0.0,2.7027027027027026,0.0,0.0,0.0,0.0,0.0,0.0,0.0
79,2006-08,0.0,8.256880733944955,0.0,1.834862385321101,0.0,39.44954128440367,19.26605504587156,11.009174311926607,11.009174311926607,0.0,5.5045871559633035,0.0,2.7522935779816518,0.0,0.0,0.0,0.0,0.0,0.0,0.9174311926605505
80,2006-09,0.0,6.60377358490566,0.0,0.9433962264150944,0.0,50.0,16.037735849056602,10.377358490566039,9.433962264150944,0.0,6.60377358490566,0.0,0.0,0.0,0.0,0.0,0.0,0.0,0.0,0.0
81,2006-10,0.0,5.555555555555555,0.0,0.9259259259259258,0.0,43.51851851851852,17.59259259259259,10.185185185185185,8.333333333333332,0.0,12.037037037037036,0.0,0.9259259259259258,0.0,0.9259259259259258,0.0,0.0,0.0,0.0,0.0
82,2006-11,0.0,8.256880733944955,0.0,0.9174311926605505,1.834862385321101,44.95412844036697,14.678899082568808,9.174311926605505,11.926605504587156,0.0,7.339449541284404,0.0,0.0,0.0,0.9174311926605505,0.0,0.0,0.0,0.0,0.0
83,2006-12,0.0,5.5045871559633035,0.0,0.0,1.834862385321101,47.706422018348626,8.256880733944955,9.174311926605505,13.761467889908257,0.0,6.422018348623854,0.0,0.9174311926605505,0.0,0.9174311926605505,0.0,0.0,0.0,0.0,5.5045871559633035
84,2007-01,0.0,3.6036036036036037,0.0,0.0,3.6036036036036037,45.04504504504504,9.00900900900901,12.612612612612612,10.81081081081081,0.0,9.90990990990991,0.0,0.9009009009009009,0.0,0.9009009009009009,0.0,0.0,0.0,0.0,3.6036036036036037
85,2007-02,0.0,0.0,0.0,0.0,3.7037037037037033,51.85185185185185,10.185185185185185,8.333333333333332,12.037037037037036,0.0,9.25925925925926,0.0,1.8518518518518516,0.9259259259259258,0.0,0.0,0.0,0.0,0.0,1.8518518518518516
86,2007-03,0.0,0.9090909090909091,0.0,0.0,3.6363636363636362,49.09090909090909,11.818181818181818,11.818181818181818,8.181818181818182,0.0,10.0,0.0,2.727272727272727,0.0,0.9090909090909091,0.0,0.0,0.0,0.0,0.9090909090909091
87,2007-04,0.0,2.7027027027027026,0.0,0.0,2.7027027027027026,48.64864864864865,9.00900900900901,9.00900900900901,11.711711711711711,0.0,9.90990990990991,0.0,2.7027027027027026,0.0,0.9009009009009009,0.0,0.0,0.0,0.0,2.7027027027027026
88,2007-05,0.0,3.7383177570093453,0.0,0.0,1.8691588785046727,49.532710280373834,13.084112149532709,6.5420560747663545,8.411214953271028,0.0,12.149532710280374,0.0,2.803738317757009,0.0,0.9345794392523363,0.0,0.0,0.0,0.0,0.9345794392523363
89,2007-06,0.0,4.672897196261682,0.0,0.0,0.9345794392523363,52.336448598130836,14.953271028037381,6.5420560747663545,10.2803738317757,0.9345794392523363,8.411214953271028,0.0,0.9345794392523363,0.0,0.0,0.0,0.0,0.0,0.0,0.0
90,2007-07,0.0,5.607476635514018,0.0,0.0,1.8691588785046727,49.532710280373834,16.822429906542055,4.672897196261682,9.345794392523365,0.9345794392523363,10.2803738317757,0.0,0.9345794392523363,0.0,0.0,0.0,0.0,0.0,0.0,0.0
91,2007-08,0.0,9.565217391304348,0.0,0.8695652173913043,1.7391304347826086,38.26086956521739,20.0,8.695652173913043,8.695652173913043,0.8695652173913043,9.565217391304348,0.0,1.7391304347826086,0.0,0.0,0.0,0.0,0.0,0.0,0.0
92,2007-09,0.0,5.405405405405405,0.0,0.9009009009009009,0.0,45.04504504504504,17.117117117117118,8.108108108108109,9.90990990990991,0.9009009009009009,11.711711711711711,0.0,0.9009009009009009,0.0,0.0,0.0,0.0,0.0,0.0,0.0
93,2007-10,0.0,2.8301886792452833,0.0,0.9433962264150944,0.0,53.77358490566038,16.037735849056602,4.716981132075472,9.433962264150944,0.0,9.433962264150944,0.0,1.8867924528301887,0.0,0.9433962264150944,0.0,0.0,0.0,0.0,0.0
94,2007-11,0.0,2.803738317757009,0.0,0.0,0.0,54.20560747663551,10.2803738317757,8.411214953271028,9.345794392523365,0.0,11.214953271028037,0.0,1.8691588785046727,0.0,0.9345794392523363,0.0,0.0,0.0,0.0,0.9345794392523363
95,2007-12,0.0,2.631578947368421,0.0,0.0,0.0,50.0,16.666666666666664,6.140350877192982,7.017543859649122,0.8771929824561403,14.912280701754385,0.0,0.8771929824561403,0.0,0.0,0.0,0.0,0.0,0.8771929824561403,0.0
96,2008-01,0.0,2.6548672566371683,0.0,0.0,1.7699115044247788,50.442477876106196,15.929203539823009,5.3097345132743365,7.079646017699115,0.8849557522123894,14.15929203539823,0.0,0.8849557522123894,0.0,0.0,0.0,0.0,0.0,0.8849557522123894,0.0
97,2008-02,0.0,6.086956521739131,0.0,0.0,0.0,50.43478260869565,17.391304347826086,4.3478260869565215,6.086956521739131,0.0,14.782608695652174,0.0,0.8695652173913043,0.0,0.0,0.0,0.0,0.0,0.0,0.0
98,2008-03,0.0,5.357142857142857,0.0,0.0,0.0,50.0,17.857142857142858,2.6785714285714284,2.6785714285714284,0.0,19.642857142857142,0.0,0.8928571428571428,0.0,0.0,0.0,0.0,0.0,0.0,0.8928571428571428
99,2008-04,0.0,1.8518518518518516,0.0,0.0,0.0,51.85185185185185,18.51851851851852,5.555555555555555,4.62962962962963,0.0,16.666666666666664,0.0,0.9259259259259258,0.0,0.0,0.0,0.0,0.0,0.0,0.0
100,2008-05,0.0,2.727272727272727,0.0,0.0,0.0,50.0,20.0,2.727272727272727,4.545454545454546,0.0,18.181818181818183,0.0,0.9090909090909091,0.0,0.0,0.0,0.0,0.9090909090909091,0.0,0.0
101,2008-06,0.0,4.587155963302752,0.0,0.0,0.0,41.284403669724774,18.34862385321101,6.422018348623854,7.339449541284404,0.0,18.34862385321101,0.0,0.9174311926605505,0.9174311926605505,0.9174311926605505,0.0,0.0,0.9174311926605505,0.0,0.0
102,2008-07,0.0,1.8691588785046727,0.0,0.0,0.9345794392523363,44.85981308411215,26.168224299065418,2.803738317757009,3.7383177570093453,0.0,16.822429906542055,0.0,0.9345794392523363,0.0,0.9345794392523363,0.0,0.0,0.0,0.0,0.9345794392523363
103,2008-08,0.0,0.9523809523809524,0.0,0.0,0.9523809523809524,39.04761904761905,27.61904761904762,5.714285714285714,2.857142857142857,0.0,20.952380952380953,0.0,0.9523809523809524,0.0,0.9523809523809524,0.0,0.0,0.0,0.0,0.0
104,2008-09,0.0,4.545454545454546,0.0,0.0,0.9090909090909091,33.63636363636363,27.27272727272727,3.6363636363636362,2.727272727272727,0.9090909090909091,24.545454545454547,0.0,0.9090909090909091,0.0,0.9090909090909091,0.0,0.0,0.0,0.0,0.0
105,2008-10,0.0,6.363636363636363,0.0,0.0,0.0,38.18181818181819,25.454545454545453,2.727272727272727,5.454545454545454,0.0,19.090909090909093,0.0,0.9090909090909091,0.9090909090909091,0.9090909090909091,0.0,0.0,0.0,0.0,0.0
106,2008-11,0.0,4.424778761061947,0.0,0.0,0.0,33.6283185840708,24.778761061946902,5.3097345132743365,7.079646017699115,0.0,21.238938053097346,0.0,1.7699115044247788,0.8849557522123894,0.8849557522123894,0.0,0.0,0.0,0.0,0.0
107,2008-12,0.0,3.6036036036036037,0.0,0.0,0.9009009009009009,37.83783783783784,28.82882882882883,2.7027027027027026,5.405405405405405,0.0,17.117117117117118,0.0,2.7027027027027026,0.9009009009009009,0.0,0.0,0.0,0.0,0.0,0.0
108,2009-01,0.0,8.547008547008547,0.0,0.0,1.7094017094017095,41.02564102564102,22.22222222222222,0.8547008547008548,5.982905982905983,0.0,16.23931623931624,0.0,2.564102564102564,0.8547008547008548,0.0,0.0,0.0,0.0,0.0,0.0
109,2009-02,0.0,8.403361344537815,0.0,0.0,2.5210084033613445,39.49579831932773,24.369747899159663,1.680672268907563,5.88235294117647,0.0,15.126050420168067,0.0,1.680672268907563,0.0,0.8403361344537815,0.0,0.0,0.0,0.0,0.0
110,2009-03,0.0,10.92436974789916,0.0,0.0,2.5210084033613445,39.49579831932773,23.52941176470588,1.680672268907563,7.563025210084033,0.0,12.605042016806722,0.0,0.0,0.0,1.680672268907563,0.0,0.0,0.0,0.0,0.0
111,2009-04,0.0,8.108108108108109,0.0,0.0,0.9009009009009009,41.44144144144144,26.126126126126124,4.504504504504505,7.207207207207207,0.0,8.108108108108109,0.0,0.9009009009009009,0.0,2.7027027027027026,0.0,0.0,0.0,0.0,0.0
112,2009-05,0.0,2.803738317757009,0.0,0.0,0.9345794392523363,49.532710280373834,28.037383177570092,2.803738317757009,5.607476635514018,0.0,9.345794392523365,0.0,0.0,0.0,0.9345794392523363,0.0,0.0,0.0,0.0,0.0
113,2009-06,0.0,3.7383177570093453,0.0,0.0,0.9345794392523363,42.99065420560748,31.775700934579437,2.803738317757009,6.5420560747663545,0.9345794392523363,9.345794392523365,0.0,0.0,0.0,0.0,0.0,0.0,0.0,0.0,0.9345794392523363
114,2009-07,0.0,4.716981132075472,0.0,0.0,0.0,31.132075471698112,42.45283018867924,3.7735849056603774,3.7735849056603774,1.8867924528301887,11.320754716981133,0.0,0.9433962264150944,0.0,0.0,0.0,0.0,0.0,0.0,0.0
115,2009-08,0.0,2.7777777777777777,0.0,0.0,0.0,18.51851851851852,61.111111111111114,3.7037037037037033,0.9259259259259258,0.9259259259259258,12.037037037037036,0.0,0.0,0.0,0.0,0.0,0.0,0.0,0.0,0.0
116,2009-09,0.0,3.7735849056603774,0.0,0.9433962264150944,0.0,27.358490566037734,53.77358490566038,3.7735849056603774,0.9433962264150944,0.0,8.49056603773585,0.0,0.9433962264150944,0.0,0.0,0.0,0.0,0.0,0.0,0.0
117,2009-10,0.0,2.803738317757009,0.0,0.9345794392523363,0.0,29.906542056074763,40.18691588785047,3.7383177570093453,2.803738317757009,0.0,17.75700934579439,0.0,1.8691588785046727,0.0,0.0,0.0,0.0,0.0,0.0,0.0
118,2009-11,0.0,2.7777777777777777,0.0,0.0,0.9259259259259258,40.74074074074074,33.33333333333333,2.7777777777777777,2.7777777777777777,0.0,12.962962962962962,0.0,1.8518518518518516,0.0,0.0,0.0,0.0,0.0,0.0,1.8518518518518516
119,2009-12,0.0,5.5045871559633035,0.0,0.0,0.9174311926605505,41.284403669724774,36.69724770642202,1.834862385321101,1.834862385321101,0.9174311926605505,8.256880733944955,0.0,2.7522935779816518,0.0,0.0,0.0,0.0,0.0,0.0,0.0
120,2010-01,0.0,5.454545454545454,0.0,0.0,1.8181818181818181,46.36363636363636,33.63636363636363,1.8181818181818181,0.0,0.0,8.181818181818182,0.0,2.727272727272727,0.0,0.0,0.0,0.0,0.0,0.0,0.0
121,2010-02,0.0,6.363636363636363,0.0,0.0,0.9090909090909091,47.27272727272727,33.63636363636363,2.727272727272727,0.0,0.0,6.363636363636363,0.0,2.727272727272727,0.0,0.0,0.0,0.0,0.0,0.0,0.0
122,2010-03,0.0,3.7037037037037033,0.0,0.0,1.8518518518518516,41.66666666666667,35.18518518518518,4.62962962962963,1.8518518518518516,0.0,7.4074074074074066,0.0,3.7037037037037033,0.0,0.0,0.0,0.0,0.0,0.0,0.0
123,2010-04,0.0,5.607476635514018,0.0,0.0,0.0,42.05607476635514,34.57943925233645,3.7383177570093453,1.8691588785046727,0.0,7.476635514018691,0.0,3.7383177570093453,0.0,0.0,0.0,0.0,0.0,0.0,0.9345794392523363
124,2010-05,0.0,6.422018348623854,0.0,0.9174311926605505,0.0,45.87155963302752,26.605504587155966,2.7522935779816518,6.422018348623854,0.0,8.256880733944955,0.0,1.834862385321101,0.0,0.0,0.0,0.0,0.0,0.0,0.9174311926605505
125,2010-06,0.0,4.587155963302752,0.0,0.9174311926605505,0.9174311926605505,46.788990825688074,23.853211009174313,5.5045871559633035,5.5045871559633035,0.0,11.009174311926607,0.0,0.0,0.9174311926605505,0.0,0.0,0.0,0.0,0.0,0.0
126,2010-07,0.0,6.25,0.0,0.8928571428571428,0.8928571428571428,40.17857142857143,30.357142857142854,4.464285714285714,7.142857142857142,0.0,9.821428571428571,0.0,0.0,0.0,0.0,0.0,0.0,0.0,0.0,0.0
127,2010-08,0.0,6.481481481481481,0.0,0.9259259259259258,0.0,35.18518518518518,33.33333333333333,3.7037037037037033,5.555555555555555,0.0,14.814814814814813,0.0,0.0,0.0,0.0,0.0,0.0,0.0,0.0,0.0
128,2010-09,0.0,6.5420560747663545,0.0,0.0,0.9345794392523363,38.31775700934579,31.775700934579437,3.7383177570093453,5.607476635514018,0.0,12.149532710280374,0.0,0.9345794392523363,0.0,0.0,0.0,0.0,0.0,0.0,0.0
129,2010-10,0.0,5.607476635514018,0.0,0.0,0.9345794392523363,45.794392523364486,28.971962616822427,4.672897196261682,1.8691588785046727,0.0,10.2803738317757,0.0,0.9345794392523363,0.0,0.0,0.0,0.0,0.0,0.0,0.9345794392523363
130,2010-11,0.0,5.660377358490567,0.0,0.0,0.0,51.886792452830186,24.528301886792452,3.7735849056603774,2.8301886792452833,0.0,9.433962264150944,0.0,1.8867924528301887,0.0,0.0,0.0,0.0,0.0,0.0,0.0
131,2010-12,0.0,9.090909090909092,0.0,0.0,0.0,50.0,25.454545454545453,2.727272727272727,1.8181818181818181,0.0,9.090909090909092,0.0,1.8181818181818181,0.0,0.0,0.0,0.0,0.0,0.0,0.0
132,2011-01,0.0,16.101694915254235,0.0,0.0,0.0,50.847457627118644,20.33898305084746,1.694915254237288,1.694915254237288,0.847457627118644,7.627118644067797,0.0,0.0,0.0,0.0,0.0,0.0,0.0,0.0,0.847457627118644
133,2011-02,0.0,13.91304347826087,0.0,0.0,0.0,44.34782608695652,26.956521739130434,3.4782608695652173,0.8695652173913043,0.8695652173913043,6.086956521739131,0.0,2.608695652173913,0.0,0.0,0.0,0.0,0.0,0.0,0.8695652173913043
134,2011-03,0.0,11.403508771929824,0.0,0.0,0.0,45.614035087719294,25.438596491228072,6.140350877192982,0.8771929824561403,0.8771929824561403,7.017543859649122,0.0,1.7543859649122806,0.0,0.0,0.0,0.0,0.0,0.0,0.8771929824561403
135,2011-04,0.0,8.333333333333332,0.0,0.0,0.0,50.0,25.925925925925924,5.555555555555555,0.9259259259259258,0.9259259259259258,5.555555555555555,0.0,1.8518518518518516,0.0,0.0,0.0,0.0,0.0,0.0,0.9259259259259258
136,2011-05,0.0,9.00900900900901,0.0,0.9009009009009009,0.0,45.04504504504504,27.927927927927925,9.00900900900901,1.8018018018018018,0.0,4.504504504504505,0.0,0.0,0.9009009009009009,0.0,0.0,0.0,0.9009009009009009,0.0,0.0
137,2011-06,0.0,11.965811965811966,0.0,2.564102564102564,0.0,49.572649572649574,23.076923076923077,5.982905982905983,3.418803418803419,0.8547008547008548,0.8547008547008548,0.0,0.0,0.0,0.0,0.0,0.0,1.7094017094017095,0.0,0.0
138,2011-07,0.0,11.76470588235294,0.0,2.5210084033613445,0.0,44.537815126050425,26.89075630252101,6.722689075630252,3.361344537815126,1.680672268907563,0.0,0.0,1.680672268907563,0.0,0.0,0.0,0.0,0.8403361344537815,0.0,0.0
139,2011-08,0.0,8.620689655172415,0.0,2.586206896551724,0.8620689655172413,36.206896551724135,32.758620689655174,7.758620689655173,2.586206896551724,1.7241379310344827,5.172413793103448,0.0,0.8620689655172413,0.0,0.0,0.0,0.0,0.8620689655172413,0.0,0.0
140,2011-09,0.0,5.3097345132743365,0.0,2.6548672566371683,0.8849557522123894,37.16814159292036,32.743362831858406,3.5398230088495577,0.8849557522123894,1.7699115044247788,13.274336283185843,0.0,0.8849557522123894,0.0,0.0,0.0,0.0,0.8849557522123894,0.0,0.0
141,2011-10,0.0,3.7037037037037033,0.0,0.9259259259259258,0.0,37.03703703703704,36.11111111111111,8.333333333333332,1.8518518518518516,1.8518518518518516,9.25925925925926,0.0,0.9259259259259258,0.0,0.0,0.0,0.0,0.0,0.0,0.0
142,2011-11,0.0,5.454545454545454,0.0,0.0,0.9090909090909091,48.18181818181818,22.727272727272727,6.363636363636363,1.8181818181818181,1.8181818181818181,11.818181818181818,0.0,0.9090909090909091,0.0,0.0,0.0,0.0,0.0,0.0,0.0
143,2011-12,0.0,3.7735849056603774,0.0,0.0,0.0,47.16981132075472,25.471698113207548,7.547169811320755,1.8867924528301887,1.8867924528301887,11.320754716981133,0.0,0.9433962264150944,0.0,0.0,0.0,0.0,0.0,0.0,0.0
144,2012-01,0.0,3.8095238095238098,0.0,0.0,0.0,40.0,32.38095238095238,6.666666666666667,5.714285714285714,1.9047619047619049,7.6190476190476195,0.0,0.9523809523809524,0.0,0.0,0.0,0.0,0.9523809523809524,0.0,0.0
145,2012-02,0.0,8.928571428571429,0.0,0.0,0.0,40.17857142857143,28.57142857142857,6.25,3.571428571428571,2.6785714285714284,7.142857142857142,0.0,1.7857142857142856,0.0,0.0,0.0,0.0,0.8928571428571428,0.0,0.0
146,2012-03,0.0,9.649122807017543,0.0,0.0,0.0,44.73684210526316,27.192982456140353,5.263157894736842,1.7543859649122806,2.631578947368421,5.263157894736842,0.0,2.631578947368421,0.0,0.0,0.0,0.0,0.8771929824561403,0.0,0.0
147,2012-04,0.0,7.207207207207207,0.0,0.0,0.0,36.93693693693694,25.225225225225223,16.216216216216218,2.7027027027027026,2.7027027027027026,4.504504504504505,0.0,3.6036036036036037,0.0,0.0,0.0,0.0,0.9009009009009009,0.0,0.0
148,2012-05,0.0,5.555555555555555,0.0,0.0,0.0,38.88888888888889,25.925925925925924,14.814814814814813,3.7037037037037033,1.8518518518518516,6.481481481481481,0.0,1.8518518518518516,0.0,0.0,0.0,0.0,0.9259259259259258,0.0,0.0
149,2012-06,0.0,8.035714285714286,0.0,0.8928571428571428,0.0,30.357142857142854,31.25,13.392857142857142,2.6785714285714284,0.0,11.607142857142858,0.0,1.7857142857142856,0.0,0.0,0.0,0.0,0.0,0.0,0.0
150,2012-07,0.0,8.108108108108109,0.0,0.0,0.0,27.027027027027028,36.03603603603604,12.612612612612612,0.9009009009009009,0.0,11.711711711711711,0.0,1.8018018018018018,0.0,0.0,0.0,0.0,1.8018018018018018,0.0,0.0
151,2012-08,0.0,6.306306306306306,0.0,0.9009009009009009,0.0,27.027027027027028,36.03603603603604,11.711711711711711,0.0,0.0,14.414414414414415,0.0,1.8018018018018018,0.0,0.0,0.0,0.0,0.9009009009009009,0.0,0.9009009009009009
152,2012-09,0.0,11.864406779661017,0.0,0.847457627118644,0.0,33.89830508474576,22.033898305084744,7.627118644067797,5.932203389830509,0.0,14.40677966101695,0.0,2.5423728813559325,0.0,0.0,0.0,0.0,0.847457627118644,0.0,0.0
153,2012-10,0.0,6.140350877192982,0.0,4.385964912280701,0.8771929824561403,33.33333333333333,22.807017543859647,7.017543859649122,6.140350877192982,0.0,13.157894736842104,0.0,1.7543859649122806,0.0,0.0,0.0,0.0,4.385964912280701,0.0,0.0
154,2012-11,0.0,6.363636363636363,0.0,0.9090909090909091,1.8181818181818181,47.27272727272727,19.090909090909093,6.363636363636363,2.727272727272727,0.0,13.636363636363635,0.0,0.9090909090909091,0.0,0.0,0.0,0.0,0.9090909090909091,0.0,0.0
155,2012-12,0.0,4.62962962962963,0.0,1.8518518518518516,0.9259259259259258,47.22222222222222,18.51851851851852,5.555555555555555,5.555555555555555,0.9259259259259258,12.037037037037036,0.0,0.9259259259259258,0.0,0.0,0.0,0.0,1.8518518518518516,0.0,0.0
156,2013-01,0.0,2.912621359223301,0.0,0.0,0.0,41.74757281553398,29.126213592233007,3.8834951456310676,4.854368932038835,0.0,14.563106796116504,0.0,0.9708737864077669,0.0,0.0,0.0,0.0,1.9417475728155338,0.0,0.0
157,2013-02,0.0,7.2727272727272725,0.0,1.8181818181818181,0.0,40.909090909090914,16.363636363636363,2.727272727272727,4.545454545454546,1.8181818181818181,16.363636363636363,0.0,3.6363636363636362,0.0,0.0,0.0,0.0,4.545454545454546,0.0,0.0
158,2013-03,0.0,9.821428571428571,0.0,0.0,0.0,39.285714285714285,18.75,5.357142857142857,8.035714285714286,0.8928571428571428,14.285714285714285,0.0,1.7857142857142856,0.0,0.0,0.0,0.0,1.7857142857142856,0.0,0.0
159,2013-04,0.0,13.675213675213676,0.0,0.0,0.0,35.8974358974359,11.11111111111111,8.547008547008547,7.6923076923076925,0.0,13.675213675213676,0.0,0.8547008547008548,0.0,0.0,0.0,0.0,8.547008547008547,0.0,0.0
160,2013-05,0.0,11.864406779661017,0.0,0.847457627118644,0.0,32.20338983050847,21.1864406779661,9.322033898305085,3.389830508474576,0.847457627118644,14.40677966101695,0.0,0.847457627118644,0.0,0.0,0.0,0.0,5.084745762711865,0.0,0.0
161,2013-06,0.0,7.2727272727272725,0.0,0.0,0.0,32.72727272727273,27.27272727272727,9.090909090909092,4.545454545454546,1.8181818181818181,11.818181818181818,0.0,0.9090909090909091,0.0,0.0,0.0,0.0,4.545454545454546,0.0,0.0
162,2013-07,0.0,10.434782608695652,0.0,0.0,0.8695652173913043,31.30434782608696,25.217391304347824,5.217391304347826,6.086956521739131,1.7391304347826086,16.52173913043478,0.0,0.0,0.0,0.0,0.0,0.0,2.608695652173913,0.0,0.0
163,2013-08,0.0,9.734513274336283,0.0,0.0,0.0,28.31858407079646,32.743362831858406,5.3097345132743365,3.5398230088495577,1.7699115044247788,15.929203539823009,0.0,0.0,0.0,0.0,0.0,0.0,2.6548672566371683,0.0,0.0
164,2013-09,0.0,11.304347826086957,0.0,0.0,0.0,29.565217391304348,20.0,9.565217391304348,6.086956521739131,0.8695652173913043,20.0,0.0,0.0,0.0,0.0,0.0,0.0,2.608695652173913,0.0,0.0
165,2013-10,0.0,9.821428571428571,0.0,0.8928571428571428,0.0,29.464285714285715,19.642857142857142,18.75,4.464285714285714,0.8928571428571428,14.285714285714285,0.0,0.8928571428571428,0.0,0.0,0.0,0.0,0.8928571428571428,0.0,0.0
166,2013-11,0.0,11.864406779661017,0.0,1.694915254237288,0.0,30.508474576271187,18.64406779661017,14.40677966101695,6.779661016949152,0.847457627118644,12.711864406779661,0.0,0.847457627118644,0.0,0.0,0.0,0.0,1.694915254237288,0.0,0.0
167,2013-12,0.0,12.711864406779661,0.0,0.847457627118644,0.0,36.440677966101696,17.796610169491526,5.084745762711865,11.016949152542372,0.0,13.559322033898304,0.0,0.847457627118644,0.0,0.0,0.0,0.0,1.694915254237288,0.0,0.0
168,2014-01,0.0,14.049586776859504,0.0,1.6528925619834711,0.0,42.97520661157025,18.181818181818183,2.479338842975207,5.785123966942149,0.0,12.396694214876034,0.0,1.6528925619834711,0.0,0.0,0.0,0.0,0.0,0.8264462809917356,0.0
169,2014-02,0.0,13.709677419354838,0.0,0.8064516129032258,1.6129032258064515,37.903225806451616,19.35483870967742,2.4193548387096775,6.451612903225806,0.0,9.67741935483871,0.0,4.032258064516129,0.0,0.0,0.0,0.0,0.0,4.032258064516129,0.0
170,2014-03,0.0,10.743801652892563,0.0,1.6528925619834711,0.8264462809917356,30.57851239669421,21.487603305785125,4.958677685950414,8.264462809917356,4.958677685950414,7.43801652892562,0.0,4.132231404958678,0.0,0.0,0.0,0.0,0.8264462809917356,4.132231404958678,0.0
171,2014-04,0.0,7.079646017699115,0.0,1.7699115044247788,0.0,29.20353982300885,16.8141592920354,6.1946902654867255,7.964601769911504,5.3097345132743365,10.619469026548673,0.0,1.7699115044247788,0.0,0.0,0.0,0.0,11.504424778761061,1.7699115044247788,0.0
172,2014-05,0.0,7.894736842105263,0.0,0.8771929824561403,0.0,34.21052631578947,14.035087719298245,4.385964912280701,12.280701754385964,4.385964912280701,8.771929824561402,0.8771929824561403,0.8771929824561403,0.0,0.0,0.0,0.0,11.403508771929824,0.0,0.0
173,2014-06,0.0,5.555555555555555,0.0,0.0,0.0,32.407407407407405,15.74074074074074,2.7777777777777777,23.14814814814815,3.7037037037037033,11.11111111111111,0.9259259259259258,0.9259259259259258,0.0,0.0,0.0,0.0,3.7037037037037033,0.0,0.0
174,2014-07,0.0,2.857142857142857,0.0,0.0,0.0,34.285714285714285,24.761904761904763,0.9523809523809524,16.19047619047619,3.8095238095238098,12.380952380952381,0.9523809523809524,0.0,0.0,0.0,0.0,0.0,3.8095238095238098,0.0,0.0
175,2014-08,0.0,9.734513274336283,0.0,0.0,0.0,28.31858407079646,25.663716814159294,6.1946902654867255,9.734513274336283,0.8849557522123894,15.929203539823009,0.8849557522123894,0.0,0.0,0.0,0.0,0.0,1.7699115044247788,0.0,0.8849557522123894
176,2014-09,0.0,8.130081300813007,0.0,0.0,8.130081300813007,24.390243902439025,20.32520325203252,11.38211382113821,8.94308943089431,0.8130081300813009,13.821138211382115,0.8130081300813009,2.4390243902439024,0.0,0.0,0.0,0.0,0.8130081300813009,0.0,0.0
177,2014-10,0.0,9.01639344262295,0.0,0.0,6.557377049180328,31.967213114754102,13.934426229508196,9.01639344262295,7.377049180327869,1.639344262295082,15.573770491803279,0.0,2.459016393442623,0.0,0.0,0.0,0.0,2.459016393442623,0.0,0.0
178,2014-11,0.0,4.385964912280701,0.0,1.7543859649122806,3.508771929824561,35.08771929824561,10.526315789473683,4.385964912280701,7.894736842105263,0.8771929824561403,25.438596491228072,0.0,0.8771929824561403,0.0,0.8771929824561403,0.0,0.0,4.385964912280701,0.0,0.0
179,2014-12,0.0,6.25,0.0,1.7857142857142856,1.7857142857142856,41.07142857142857,10.714285714285714,3.571428571428571,6.25,0.8928571428571428,20.535714285714285,0.0,1.7857142857142856,0.0,0.8928571428571428,0.0,0.0,4.464285714285714,0.0,0.0
180,2015-01,0.0,7.017543859649122,0.0,0.8771929824561403,0.8771929824561403,35.08771929824561,21.052631578947366,1.7543859649122806,4.385964912280701,0.8771929824561403,22.807017543859647,0.0,2.631578947368421,0.0,0.8771929824561403,0.0,0.0,1.7543859649122806,0.0,0.0
181,2015-02,0.0,10.16949152542373,0.0,0.847457627118644,0.847457627118644,33.05084745762712,14.40677966101695,2.5423728813559325,6.779661016949152,0.847457627118644,22.88135593220339,0.0,4.23728813559322,0.0,0.847457627118644,0.0,0.0,2.5423728813559325,0.0,0.0
182,2015-03,0.0,6.25,0.0,0.8928571428571428,0.8928571428571428,29.464285714285715,16.071428571428573,3.571428571428571,9.821428571428571,0.0,26.785714285714285,0.0,4.464285714285714,0.0,0.8928571428571428,0.0,0.0,0.8928571428571428,0.0,0.0
183,2015-04,0.0,6.956521739130435,0.0,0.8695652173913043,1.7391304347826086,26.956521739130434,16.52173913043478,6.086956521739131,10.434782608695652,0.0,25.217391304347824,0.0,4.3478260869565215,0.0,0.0,0.0,0.0,0.8695652173913043,0.0,0.0
184,2015-05,0.0,8.547008547008547,0.0,0.0,1.7094017094017095,23.931623931623932,19.65811965811966,5.982905982905983,8.547008547008547,0.0,26.495726495726498,0.0,4.273504273504273,0.0,0.0,0.0,0.0,0.8547008547008548,0.0,0.0
